File Name, HeapSort, MergeSort, QuickSort, 
Small_Unsorted_1, 9138111, 6517020, 735138, 
Small_Unsorted_2, 8952508, 4499347, 856, 
Small_Unsorted_3, 2526153, 3154804, 855, 
Small_Unsorted_4, 2503914, 2059154, 856, 
Small_Unsorted_5, 2261435, 1843189, 428, 
Small_Unsorted_6, 2278968, 1843616, 428, 
Small_Unsorted_7, 2205839, 1874835, 856, 
Small_Unsorted_8, 1796147, 2252454, 855, 
Small_Unsorted_9, 1839767, 1817101, 428, 
Small_Unsorted_10, 1821806, 1797430, 855, 
Small_Unsorted_11, 2023659, 1950530, 427, 
Small_Unsorted_12, 2323016, 1820095, 428, 
Small_Unsorted_13, 1845327, 1825227, 855, 
Small_Unsorted_14, 1731143, 1793581, 428, 
Small_Unsorted_15, 1700780, 2733564, 427, 
Small_Unsorted_16, 1967208, 3203129, 855, 
Small_Unsorted_17, 1973196, 3169344, 855, 
Small_Unsorted_18, 1702918, 1815391, 1710, 
Small_Unsorted_19, 1632783, 2133138, 1711, 
Small_Unsorted_20, 1694365, 1924870, 1283, 
Small_Unsorted_21, 2364927, 2162646, 1283, 
Small_Unsorted_22, 1650317, 1838057, 1711, 
Small_Unsorted_23, 1679825, 1909475, 856, 
Small_Unsorted_24, 1824800, 2024941, 1710, 
Small_Unsorted_25, 1670844, 2941832, 1711, 
Small_Unsorted_26, 1909475, 1889803, 1283, 
Small_Unsorted_27, 1678114, 1871414, 1711, 
Small_Unsorted_28, 1687951, 1815391, 1711, 
Small_Unsorted_29, 1674265, 1831214, 1711, 
Small_Unsorted_30, 1918455, 1825655, 2138, 
Small_Sorted_1, 1342834, 1824800, 1710, 
Small_Sorted_2, 1383033, 1075977, 2138, 
Small_Sorted_3, 1381322, 2052739, 1283, 
Small_Sorted_4, 1327866, 1100782, 1283, 
Small_Sorted_5, 2157515, 1218814, 1283, 
Small_Sorted_6, 1931285, 1224801, 1710, 
Small_Sorted_7, 1488236, 1208122, 1283, 
Small_Sorted_8, 1341551, 1092229, 1711, 
Small_Sorted_9, 1434779, 1108907, 855, 
Small_Sorted_10, 1305200, 1072984, 1283, 
Small_Sorted_11, 1371486, 1207267, 1283, 
Small_Sorted_12, 1331287, 1114894, 1283, 
Small_Sorted_13, 1307339, 1073411, 1283, 
Small_Sorted_14, 1365927, 1073411, 1283, 
Small_Sorted_15, 1544686, 1096504, 1283, 
Small_Sorted_16, 1504059, 1206840, 1711, 
Small_Sorted_17, 1494223, 1115749, 1283, 
Small_Sorted_18, 1305628, 1068708, 2139, 
Small_Sorted_19, 1396290, 1091801, 855, 
Small_Sorted_20, 1321451, 1254309, 1283, 
Small_Sorted_21, 1377902, 1078115, 1283, 
Small_Sorted_22, 1990729, 1104630, 1283, 
Small_Sorted_23, 1368921, 1102492, 1711, 
Small_Sorted_24, 1328293, 1231216, 1711, 
Small_Sorted_25, 1354807, 1067852, 1711, 
Small_Sorted_26, 1308194, 1077689, 1283, 
Small_Sorted_27, 1314181, 1069990, 856, 
Small_Sorted_28, 1392013, 1073840, 856, 
Small_Sorted_29, 1382606, 1127723, 1283, 
Small_Sorted_30, 1353952, 1162792, 1283, 
Small_Reverse_Sort1, 1245756, 1169206, 1283, 
Small_Reverse_Sort2, 1619098, 1167068, 855, 
Small_Reverse_Sort3, 1241052, 1143975, 1711, 
Small_Reverse_Sort4, 1241479, 1189306, 1283, 
Small_Reverse_Sort5, 1303489, 1170061, 1283, 
Small_Reverse_Sort6, 1394152, 1145258, 1283, 
Small_Reverse_Sort7, 1261579, 1170917, 1711, 
Small_Reverse_Sort8, 1318458, 1294508, 1283, 
Small_Reverse_Sort9, 1248322, 1149533, 1283, 
Small_Reverse_Sort10, 1293654, 1188022, 1283, 
Small_Reverse_Sort11, 1284672, 1146540, 1283, 
Small_Reverse_Sort12, 1284245, 1151672, 1283, 
Small_Reverse_Sort13, 1356091, 1146968, 1283, 
Small_Reverse_Sort14, 1260296, 1184602, 1283, 
Small_Reverse_Sort15, 1335991, 1145258, 1283, 
Small_Reverse_Sort16, 1297074, 1184174, 1711, 
Small_Reverse_Sort17, 1239341, 1312897, 1283, 
Small_Reverse_Sort18, 1244901, 1174766, 1283, 
Small_Reverse_Sort19, 1541265, 1146112, 1283, 
Small_Reverse_Sort20, 1261580, 1145257, 1710, 
Small_Reverse_Sort21, 1473696, 1170489, 1283, 
Small_Reverse_Sort22, 1305200, 1196576, 1283, 
Small_Reverse_Sort23, 1278258, 1271416, 1282, 
Small_Reverse_Sort24, 1248322, 1171344, 1711, 
Small_Reverse_Sort25, 1262862, 1170917, 1283, 
Small_Reverse_Sort26, 1431358, 1175193, 1283, 
Small_Reverse_Sort27, 1241907, 1173910, 855, 
Small_Reverse_Sort28, 1900066, 1301351, 1710, 
Small_Reverse_Sort29, 1297503, 1191444, 1283, 
Small_Reverse_Sort30, 1359940, 1230789, 1283, 
Medium_Unsorted_1, 21699163, 21072223, 1711, 
Medium_Unsorted_2, 21564025, 21569584, 1711, 
Medium_Unsorted_3, 22362454, 20811354, 1283, 
Medium_Unsorted_4, 21913418, 21797523, 1283, 
Medium_Unsorted_5, 21291182, 21173149, 1711, 
Medium_Unsorted_6, 21451979, 21871080, 1711, 
Medium_Unsorted_7, 21782128, 20922544, 1710, 
Medium_Unsorted_8, 21532379, 22900871, 1283, 
Medium_Unsorted_9, 21761173, 22939788, 1710, 
Medium_Unsorted_10, 22068228, 20821190, 1711, 
Medium_Unsorted_11, 21868087, 20375574, 1283, 
Medium_Unsorted_12, 21726533, 22524108, 1283, 
Medium_Unsorted_13, 22404365, 20374291, 1711, 
Medium_Unsorted_14, 21626463, 22035299, 1283, 
Medium_Unsorted_15, 21756469, 21088902, 1711, 
Medium_Unsorted_16, 21600803, 26396942, 1710, 
Medium_Unsorted_17, 22548484, 20511996, 1710, 
Medium_Unsorted_18, 21759891, 20777569, 1710, 
Medium_Unsorted_19, 21941215, 21041432, 2139, 
Medium_Unsorted_20, 21800090, 21907859, 1711, 
Medium_Unsorted_21, 21635015, 20850698, 1710, 
Medium_Unsorted_22, 21542642, 20449986, 1283, 
Medium_Unsorted_23, 23700157, 20856685, 1710, 
Medium_Unsorted_24, 21618765, 20557327, 1283, 
Medium_Unsorted_25, 21821045, 20983271, 1711, 
Medium_Unsorted_26, 21650838, 21386976, 1710, 
Medium_Unsorted_27, 21255258, 22228171, 1711, 
Medium_Unsorted_28, 21445564, 20784839, 1710, 
Medium_Unsorted_29, 21818052, 21084624, 1710, 
Medium_Unsorted_30, 23777989, 20810499, 2138, 
Medium_Sorted_1, 16230752, 11706600, 1283, 
Medium_Sorted_2, 16445861, 12224061, 1711, 
Medium_Sorted_3, 16232890, 13551928, 1710, 
Medium_Sorted_4, 16245292, 11786999, 1711, 
Medium_Sorted_5, 16527544, 11726272, 1711, 
Medium_Sorted_6, 16117424, 12844160, 1710, 
Medium_Sorted_7, 16480929, 11742523, 1283, 
Medium_Sorted_8, 16182854, 12924987, 7698, 
Medium_Sorted_9, 16766175, 12771887, 1711, 
Medium_Sorted_10, 16409938, 12456705, 1711, 
Medium_Sorted_11, 16880786, 11612944, 1710, 
Medium_Sorted_12, 15970738, 13535248, 1710, 
Medium_Sorted_13, 16307302, 18258260, 1710, 
Medium_Sorted_14, 17670236, 12951074, 1711, 
Medium_Sorted_15, 16260688, 11823350, 1283, 
Medium_Sorted_16, 18364318, 13300895, 1711, 
Medium_Sorted_17, 17946072, 14602245, 1710, 
Medium_Sorted_18, 16563039, 12967752, 1710, 
Medium_Sorted_19, 16252562, 12507169, 1711, 
Medium_Sorted_20, 16014787, 12512728, 1711, 
Medium_Sorted_21, 16255984, 12624773, 2138, 
Medium_Sorted_22, 16144366, 12424204, 2138, 
Medium_Sorted_23, 16110153, 14834034, 1711, 
Medium_Sorted_24, 15989983, 13508307, 1710, 
Medium_Sorted_25, 17432888, 12291631, 1710, 
Medium_Sorted_26, 15878792, 12752214, 1711, 
Medium_Sorted_27, 17209652, 11707028, 1710, 
Medium_Sorted_28, 16084495, 11835324, 1710, 
Medium_Sorted_29, 17231890, 16448427, 1711, 
Medium_Sorted_30, 16796966, 13663973, 1711, 
Medium_Reverse_Sort_1, 15360476, 13143090, 1710, 
Medium_Reverse_Sort_2, 15105594, 13827337, 1710, 
Medium_Reverse_Sort_3, 15501602, 13486496, 1283, 
Medium_Reverse_Sort_4, 15100890, 13600252, 10692, 
Medium_Reverse_Sort_5, 15308730, 12859983, 1283, 
Medium_Reverse_Sort_6, 15488772, 14465824, 1283, 
Medium_Reverse_Sort_7, 15155630, 13781150, 1711, 
Medium_Reverse_Sort_8, 15185994, 14325554, 1283, 
Medium_Reverse_Sort_9, 15699606, 13152926, 2566, 
Medium_Reverse_Sort_10, 15004668, 12552500, 1710, 
Medium_Reverse_Sort_11, 15635458, 13732397, 1710, 
Medium_Reverse_Sort_12, 15469528, 12908736, 1711, 
Medium_Reverse_Sort_13, 15381859, 14475660, 1711, 
Medium_Reverse_Sort_14, 15046150, 13152498, 1710, 
Medium_Reverse_Sort_15, 15338666, 13396689, 1283, 
Medium_Reverse_Sort_16, 15289058, 12921138, 2139, 
Medium_Reverse_Sort_17, 15025195, 13374023, 1711, 
Medium_Reverse_Sort_18, 15188132, 12347654, 1283, 
Medium_Reverse_Sort_19, 15667104, 13798684, 1710, 
Medium_Reverse_Sort_20, 15799676, 12510162, 1710, 
Medium_Reverse_Sort_21, 15068816, 15145793, 1710, 
Medium_Reverse_Sort_22, 15435315, 12744089, 4704, 
Medium_Reverse_Sort_23, 15241588, 13602818, 1711, 
Medium_Reverse_Sort_24, 15198395, 12912584, 2138, 
Medium_Reverse_Sort_25, 16049426, 13164045, 1710, 
Medium_Reverse_Sort_26, 15492621, 20808361, 1710, 
Medium_Reverse_Sort_27, 15384425, 12424204, 1283, 
Medium_Reverse_Sort_28, 15014076, 15868101, 1711, 
Medium_Reverse_Sort_29, 15658550, 13489062, 1711, 
Medium_Reverse_Sort_30, 15179151, 15483641, 1711, 
Large_Unsorted_1, 302576316, 241711317, 1710, 
Large_Unsorted_2, 292900644, 227078709, 1283, 
Large_Unsorted_3, 282890120, 228315911, 1711, 
Large_Unsorted_4, 282329893, 232831510, 1711, 
Large_Unsorted_5, 287017836, 225372369, 1711, 
Large_Unsorted_6, 295224088, 249171741, 1282, 
Large_Unsorted_7, 283534595, 226833235, 1283, 
Large_Unsorted_8, 283407581, 227597452, 1711, 
Large_Unsorted_9, 277566683, 228792746, 1711, 
Large_Unsorted_10, 281989053, 228519047, 1283, 
Large_Unsorted_11, 283104374, 226774647, 1283, 
Large_Unsorted_12, 283000027, 239835627, 1711, 
Large_Unsorted_13, 275262056, 223272588, 1711, 
Large_Unsorted_14, 282485559, 224004304, 1711, 
Large_Unsorted_15, 280145437, 226542430, 1283, 
Large_Unsorted_16, 281451492, 232628802, 1710, 
Large_Unsorted_17, 286357538, 227834373, 1283, 
Large_Unsorted_18, 274835685, 229621112, 1711, 
Large_Unsorted_19, 313675647, 232119466, 1711, 
Large_Unsorted_20, 278117501, 235260585, 1710, 
Large_Unsorted_21, 284038798, 225082848, 1283, 
Large_Unsorted_22, 284217130, 223932030, 1710, 
Large_Unsorted_23, 292848470, 232498367, 1283, 
Large_Unsorted_24, 280798464, 229169936, 1710, 
Large_Unsorted_25, 277543162, 227844209, 856, 
Large_Unsorted_26, 281066176, 226594604, 1710, 
Large_Unsorted_27, 289741137, 233137283, 1283, 
Large_Unsorted_28, 285787475, 223852487, 1710, 
Large_Unsorted_29, 282391476, 229719899, 1711, 
Large_Unsorted_30, 279302958, 228354400, 1710, 
Large_Sorted_1, 175137138, 137056688, 1711, 
Large_Sorted_2, 185101903, 128548085, 1710, 
Large_Sorted_3, 179697213, 128627201, 1711, 
Large_Sorted_4, 175449326, 137976572, 1283, 
Large_Sorted_5, 181406117, 133641871, 1710, 
Large_Sorted_6, 178523302, 134632745, 11119, 
Large_Sorted_7, 176466714, 131732397, 1710, 
Large_Sorted_8, 176629651, 131714435, 1711, 
Large_Sorted_9, 178903059, 139380988, 2139, 
Large_Sorted_10, 175616965, 132559479, 1711, 
Large_Sorted_11, 179352095, 132598824, 1711, 
Large_Sorted_12, 185507747, 136236448, 1711, 
Large_Sorted_13, 181134985, 131488206, 1710, 
Large_Sorted_14, 179914461, 141503435, 1283, 
Large_Sorted_15, 176677548, 136524687, 1710, 
Large_Sorted_16, 180389584, 156576528, 1283, 
Large_Sorted_17, 181343680, 131249575, 1710, 
Large_Sorted_18, 180098352, 143465084, 1710, 
Large_Sorted_19, 186640175, 130816361, 1711, 
Large_Sorted_20, 191613790, 134025477, 1710, 
Large_Sorted_21, 182926856, 138847275, 1711, 
Large_Sorted_22, 180552092, 143047266, 1710, 
Large_Sorted_23, 176801995, 133852704, 1710, 
Large_Sorted_24, 181587871, 130702605, 1710, 
Large_Sorted_25, 176974339, 138329814, 2566, 
Large_Sorted_26, 177346826, 135133956, 2138, 
Large_Sorted_27, 175687101, 129438460, 1711, 
Large_Sorted_28, 175186746, 130978015, 2566, 
Large_Sorted_29, 180619235, 139880916, 2566, 
Large_Sorted_30, 179320449, 137678497, 1711, 
Large_Reverse_Sort1, 183997701, 137907720, 1283, 
Large_Reverse_Sort2, 184756359, 135581710, 1283, 
Large_Reverse_Sort3, 185683513, 137146068, 1711, 
Large_Reverse_Sort4, 182449594, 158384648, 1283, 
Large_Reverse_Sort5, 179523585, 131931683, 1283, 
Large_Reverse_Sort6, 179655730, 147652244, 856, 
Large_Reverse_Sort7, 184198698, 138192965, 1283, 
Large_Reverse_Sort8, 182132274, 142205215, 1283, 
Large_Reverse_Sort9, 179668132, 137076788, 1710, 
Large_Reverse_Sort10, 179714746, 134922695, 1283, 
Large_Reverse_Sort11, 184090502, 139695314, 1283, 
Large_Reverse_Sort12, 183540539, 139501159, 1283, 
Large_Reverse_Sort13, 179549244, 141597091, 1711, 
Large_Reverse_Sort14, 180653447, 132443158, 1711, 
Large_Reverse_Sort15, 183572613, 137460394, 1711, 
Large_Reverse_Sort16, 186311309, 138278924, 1283, 
Large_Reverse_Sort17, 185319579, 136939083, 428, 
Large_Reverse_Sort18, 186110739, 138518410, 0, 
Large_Reverse_Sort19, 179340121, 136927965, 427, 
Large_Reverse_Sort20, 186611095, 131066967, 428, 
Large_Reverse_Sort21, 186766760, 132204954, 0, 
Large_Reverse_Sort22, 183184303, 140374856, 0, 
Large_Reverse_Sort23, 179628360, 138246849, 428, 
Large_Reverse_Sort24, 185028775, 135408938, 0, 
Large_Reverse_Sort25, 179187449, 141873355, 427, 
Large_Reverse_Sort26, 179593720, 136213782, 0, 
Large_Reverse_Sort27, 182535125, 137672511, 428, 
Large_Reverse_Sort28, 179562502, 139517838, 0, 
Large_Reverse_Sort29, 186210383, 133461401, 0, 
Large_Reverse_Sort30, 183401551, 139823182, 427, 
